Year,value_le,value_lv,value_co2,value_ae,value_av
1961,2122331.1489,1655507890,49101945430,2751636.7722,746292870.360646
1962,2158717.7428,1700479226,51016118240,2813174.3764,769311536.185684
1963,2184551.3307000003,1727173794,53909313050,2850169.4224,790977626.13225
1964,2212888.8871,1731755857,56736471610,2910291.1818,817754218.625472
1965,2256541.8871999998,1734183529,59248825420,2971287.3899,835356635.435409
1966,2302555.1117,1773435597,61955475260,3050262.7013,865008097.116938
1967,2352677.2068,1810409420,63818681290,3121616.6543,896274265.765509
1968,2387564.01,1854767600,67213684690,3181062.161,923154883.482964
1969,2399115.8948,1864177984,71528049410,3211696.8815,927526635.151674
1970,2413877.5773,1881068356,77058619170,3255845.9151,956723978.905431
1971,2456695.4334,1887615503,80035731300,3325738.92,981239875.691207
1972,2499534.3933,1900198456,83445601450,3375566.7317,978070572.430087
1973,2530886.0893,1887540807,87875044270,3449262.4971,1030862216.778027
1974,2589956.9756,1901503091,87773803640,3505366.3682,1038995532.714603
1975,2631164.0003,1985122318,87547994590,3601517.6756,1059594649.292422
1976,2650805.1884000003,2012922576,92532991410,3632684.6212,1084010178.381194
1977,2663687.5033,2040842865,95066987910,3674054.2543,1111688430.306902
1978,2674369.6363,2076483627,97649494320,3727197.9173,1160989587.665364
1979,2696275.2465,2071769329,101400665490,3759287.1156,1177302618.825027
1980,2734786.4973,2133081303,100672860110,3831087.0634,1180133804.083844
1981,2757585.2948,2194269322,97780610740,3859882.4148,1219053445.060759
1982,2786770.0467,2216108684,97060290930,3887401.6834,1259999065.203484
1983,2803018.358,2264830910,97457409950,3939065.7616,1262974536.09167
1984,2822152.8333,2282195433,100481815600,3997993.0622,1330008266.424347
1985,2835307.9364,2321361159,103807488560,4010266.4453,1353355918.454337
1986,2862856.8386000004,2350715696,105840120800,4053889.7138,1375874637.816788
1987,2868354.4082,2397478039,109042780380,4068920.17,1391297099.250548
1988,2885967.5324,2436150094,112942173850,4124362.4194,1408670164.15533
1989,2928286.9692,2500683412,114943688670,4181728.2032,1457722728.009578
1990,2947790.3055,2519720185,115909255610,4611568.8594,1495818078.854997
1991,2949276.4921999997,2556682840,117199703880,4596111.4054,1503302576.701709
1992,2933519.2817,2630002973,11484117e4,4576219.1319,1538191650.016937
1993,2924242.9469,2645136065,11541365e4,4549419.0508,1547947589.767703
1994,2950849.9095,2699460760,11662952e4,4584097.6859,1587961876.974659
1995,2961708.4420999996,2764382670,119006e6,4640192.8455,1618207216.583998
1996,2966714.3441,2726381943,12206337e4,4777440.5063,1687267832.357508
1997,2913351.7434,2793726976,12311431e4,4737413.6767,1715223594.640044
1998,2918886.1783000003,2852151407,12287646e4,4847098.0061,1742256950.153991
1999,2930488.1319,2912645032,12358765e4,4875313.876,1795258565.000979
2000,2947149.7074,2955833058,1269055e5,4805153.4518,1833839043.243678
2001,2948365.2380999997,2951160004,1288511e5,4717881.9814,1858944031.660267
2002,2978977.6474,2987924619,13123095e4,4748157.9346,1887053385.574254
2003,3011870.8655999997,3055996724,13787777e4,4742248.0452,1936052641.463407
2004,3047009.4208,3126525553,14428384e4,4844425.4031,2023484540.383609
2005,3081682.4642,3209318278,14928718e4,4873930.3533,2064202004.808825
2006,3108867.5034999996,3268139208,15434519e4,4924994.4785,2111230777.218023
2007,3136812.0667999997,3339448924,15813809e4,5008612.8056,2177514417.486132
2008,3162947.1315,3358385190,16214674e4,5020988.4102,2258819539.184185
2009,3179313.9292,3397610803,16021695e4,5019933.105,2275861473.908978
2010,3189766.1928,3436240694,16824365e4,5088714.3277,2333659813.529543
2011,3204434.9128,3440101640,17456207e4,5220746.9317,2417560897.268205
2012,3233315.8814,3515546551,17745211e4,5241381.0818,2443086112.800003
2013,3250102.8788,3559737129,1786429e5,5184924.0309,2529921661.301177
2014,3274084.1787,2172485714,17995765e4,5238033.8615,2574665849.203049
2015,3304598.535,2208701681,17963907e4,5259816.2027,2600907670.031516
2016,3348546.945,2239642829,18029548e4,5285845.511,2629667131.391232
